(kicad_pcb (version 20200628) (host pcbnew "(5.99.0-2364-g42a2f1346)")

  (general
    (thickness 1.6)
    (drawings 7)
    (tracks 135)
    (modules 25)
    (nets 21)
  )

  (paper "A4")
  (layers
    (0 "F.Cu" signal)
    (31 "B.Cu" signal)
    (32 "B.Adhes" user)
    (33 "F.Adhes" user)
    (34 "B.Paste" user)
    (35 "F.Paste" user)
    (36 "B.SilkS" user)
    (37 "F.SilkS" user)
    (38 "B.Mask" user)
    (39 "F.Mask" user)
    (40 "Dwgs.User" user)
    (41 "Cmts.User" user)
    (42 "Eco1.User" user)
    (43 "Eco2.User" user)
    (44 "Edge.Cuts" user)
    (45 "Margin" user)
    (46 "B.CrtYd" user)
    (47 "F.CrtYd" user)
    (48 "B.Fab" user)
    (49 "F.Fab" user)
  )

  (setup
    (grid_origin 109.22 121.92)
    (pcbplotparams
      (layerselection 0x010fc_ffffffff)
      (usegerberextensions false)
      (usegerberattributes false)
      (usegerberadvancedattributes false)
      (creategerberjobfile false)
      (svguseinch false)
      (svgprecision 6)
      (excludeedgelayer true)
      (linewidth 0.100000)
      (plotframeref false)
      (viasonmask false)
      (mode 1)
      (useauxorigin false)
      (hpglpennumber 1)
      (hpglpenspeed 20)
      (hpglpendiameter 15.000000)
      (psnegative false)
      (psa4output false)
      (plotreference true)
      (plotvalue true)
      (plotinvisibletext false)
      (sketchpadsonfab false)
      (subtractmaskfromsilk false)
      (outputformat 1)
      (mirror false)
      (drillshape 1)
      (scaleselection 1)
      (outputdirectory "")
    )
  )

  (net 0 "")
  (net 1 "Net-(C3-Pad2)")
  (net 2 "/AIN2-")
  (net 3 "Net-(C4-Pad2)")
  (net 4 "/AIN1+")
  (net 5 "GND")
  (net 6 "+5V")
  (net 7 "Net-(C7-Pad2)")
  (net 8 "Net-(C6-Pad2)")
  (net 9 "Net-(C9-Pad1)")
  (net 10 "/AIN2+")
  (net 11 "/AIN1-")
  (net 12 "/~DRDY")
  (net 13 "/MISO")
  (net 14 "/MOSI")
  (net 15 "/SCLK")
  (net 16 "/~CS")
  (net 17 "/~RESET")
  (net 18 "Net-(R10-Pad2)")
  (net 19 "/V_REF_IN+")
  (net 20 "/V_REF_IN-")

  (module "MountingHole:MountingHole_2.2mm_M2_ISO7380" (layer "F.Cu") (tedit 5F177F0D) (tstamp e9d29184-60db-4ed5-8f1f-3da9f1e66bd4)
    (at 134.62 133.35)
    (descr "Mounting Hole 2.2mm, no annular, M2, ISO7380")
    (tags "mounting hole 2.2mm no annular m2 iso7380")
    (path "/7a9a4676-fb87-4122-8698-181b9c0504f6")
    (attr virtual)
    (fp_text reference "H1" (at 0 -2.75) (layer "F.Fab") hide
      (effects (font (size 1 1) (thickness 0.15)))
    )
    (fp_text value "MountingHole" (at 0 2.75) (layer "F.Fab") hide
      (effects (font (size 1 1) (thickness 0.15)))
    )
    (fp_circle (center 0 0) (end 2 0) (layer "F.CrtYd") (width 0.05))
    (fp_circle (center 0 0) (end 1.75 0) (layer "Cmts.User") (width 0.15))
    (fp_text user "${REFERENCE}" (at 0.3 0) (layer "F.Fab")
      (effects (font (size 1 1) (thickness 0.15)))
    )
    (pad "" np_thru_hole circle (at 0 0) (size 2.2 2.2) (drill 2.2) (layers *.Cu *.Mask)
      (clearance 1.27) (tstamp 0b23b45e-9fe1-4ce4-8a51-b4f6067b8ee4))
  )

  (module "Resistor_SMD:R_0603_1608Metric" (layer "B.Cu") (tedit 5B301BBD) (tstamp 00000000-0000-0000-0000-00005dc51427)
    (at 121.5644 122.555)
    (descr "Resistor SMD 0603 (1608 Metric), square (rectangular) end terminal, IPC_7351 nominal, (Body size source: http://www.tortai-tech.com/upload/download/2011102023233369053.pdf), generated with kicad-footprint-generator")
    (tags "resistor")
    (path "/00000000-0000-0000-0000-00005dc671c6")
    (attr smd)
    (fp_text reference "R1" (at 0.1016 -1.397) (layer "B.SilkS")
      (effects (font (size 1 1) (thickness 0.15)) (justify mirror))
    )
    (fp_text value "R" (at 0 -1.43) (layer "B.Fab")
      (effects (font (size 1 1) (thickness 0.15)) (justify mirror))
    )
    (fp_text user "${REFERENCE}" (at 0 0) (layer "B.Fab")
      (effects (font (size 0.4 0.4) (thickness 0.06)) (justify mirror))
    )
    (fp_line (start 1.48 -0.73) (end -1.48 -0.73) (layer "B.CrtYd") (width 0.05))
    (fp_line (start 1.48 0.73) (end 1.48 -0.73) (layer "B.CrtYd") (width 0.05))
    (fp_line (start -1.48 0.73) (end 1.48 0.73) (layer "B.CrtYd") (width 0.05))
    (fp_line (start -1.48 -0.73) (end -1.48 0.73) (layer "B.CrtYd") (width 0.05))
    (fp_line (start -0.162779 -0.51) (end 0.162779 -0.51) (layer "B.SilkS") (width 0.12))
    (fp_line (start -0.162779 0.51) (end 0.162779 0.51) (layer "B.SilkS") (width 0.12))
    (fp_line (start 0.8 -0.4) (end -0.8 -0.4) (layer "B.Fab") (width 0.1))
    (fp_line (start 0.8 0.4) (end 0.8 -0.4) (layer "B.Fab") (width 0.1))
    (fp_line (start -0.8 0.4) (end 0.8 0.4) (layer "B.Fab") (width 0.1))
    (fp_line (start -0.8 -0.4) (end -0.8 0.4) (layer "B.Fab") (width 0.1))
    (pad "2" smd roundrect (at 0.7875 0) (size 0.875 0.95) (layers "B.Cu" "B.Paste" "B.Mask") (roundrect_rratio 0.25)
      (net 7 "Net-(C7-Pad2)") (tstamp 7ff5ce51-2e5b-48d6-8ca3-1626cd86530f))
    (pad "1" smd roundrect (at -0.7875 0) (size 0.875 0.95) (layers "B.Cu" "B.Paste" "B.Mask") (roundrect_rratio 0.25)
      (net 8 "Net-(C6-Pad2)") (tstamp 6dcd5154-1fd8-4562-bb55-1d1ab98c34da))
    (model "${KISYS3DMOD}/Resistor_SMD.3dshapes/R_0603_1608Metric.wrl"
      (at (xyz 0 0 0))
      (scale (xyz 1 1 1))
      (rotate (xyz 0 0 0))
    )
  )

  (module "Crystal:Crystal_HC49-4H_Vertical" (layer "F.Cu") (tedit 5A1AD3B7) (tstamp 00000000-0000-0000-0000-00005dc506a0)
    (at 119.126 122.555)
    (descr "Crystal THT HC-49-4H http://5hertz.com/pdfs/04404_D.pdf")
    (tags "THT crystalHC-49-4H")
    (path "/00000000-0000-0000-0000-00005dc660e9")
    (fp_text reference "Y1" (at 9.652 -0.127) (layer "F.SilkS")
      (effects (font (size 1 1) (thickness 0.15)))
    )
    (fp_text value "Crystal" (at 2.44 3.525) (layer "F.Fab")
      (effects (font (size 1 1) (thickness 0.15)))
    )
    (fp_arc (start 5.64 0) (end 5.64 -2.525) (angle 180) (layer "F.SilkS") (width 0.12))
    (fp_arc (start -0.76 0) (end -0.76 -2.525) (angle -180) (layer "F.SilkS") (width 0.12))
    (fp_arc (start 5.44 0) (end 5.44 -2) (angle 180) (layer "F.Fab") (width 0.1))
    (fp_arc (start -0.56 0) (end -0.56 -2) (angle -180) (layer "F.Fab") (width 0.1))
    (fp_arc (start 5.64 0) (end 5.64 -2.325) (angle 180) (layer "F.Fab") (width 0.1))
    (fp_arc (start -0.76 0) (end -0.76 -2.325) (angle -180) (layer "F.Fab") (width 0.1))
    (fp_line (start 8.5 -2.8) (end -3.6 -2.8) (layer "F.CrtYd") (width 0.05))
    (fp_line (start 8.5 2.8) (end 8.5 -2.8) (layer "F.CrtYd") (width 0.05))
    (fp_line (start -3.6 2.8) (end 8.5 2.8) (layer "F.CrtYd") (width 0.05))
    (fp_line (start -3.6 -2.8) (end -3.6 2.8) (layer "F.CrtYd") (width 0.05))
    (fp_line (start -0.76 2.525) (end 5.64 2.525) (layer "F.SilkS") (width 0.12))
    (fp_line (start -0.76 -2.525) (end 5.64 -2.525) (layer "F.SilkS") (width 0.12))
    (fp_line (start -0.56 2) (end 5.44 2) (layer "F.Fab") (width 0.1))
    (fp_line (start -0.56 -2) (end 5.44 -2) (layer "F.Fab") (width 0.1))
    (fp_line (start -0.76 2.325) (end 5.64 2.325) (layer "F.Fab") (width 0.1))
    (fp_line (start -0.76 -2.325) (end 5.64 -2.325) (layer "F.Fab") (width 0.1))
    (fp_text user "${REFERENCE}" (at 2.44 0) (layer "F.Fab")
      (effects (font (size 1 1) (thickness 0.15)))
    )
    (pad "2" thru_hole circle (at 4.88 0) (size 1.5 1.5) (drill 0.8) (layers *.Cu *.Mask)
      (net 7 "Net-(C7-Pad2)") (pinfunction "2") (tstamp 02d12ca8-eb29-42e2-8fa1-5b866fb7f109))
    (pad "1" thru_hole circle (at 0 0) (size 1.5 1.5) (drill 0.8) (layers *.Cu *.Mask)
      (net 8 "Net-(C6-Pad2)") (pinfunction "1") (tstamp e8d89463-89bc-4187-91f0-58631a73181a))
    (model "${KISYS3DMOD}/Crystal.3dshapes/Crystal_HC49-4H_Vertical.wrl"
      (at (xyz 0 0 0))
      (scale (xyz 1 1 1))
      (rotate (xyz 0 0 0))
    )
  )

  (module "Package_SO:SOIC-8_3.9x4.9mm_P1.27mm" (layer "F.Cu") (tedit 5C97300E) (tstamp 00000000-0000-0000-0000-00005dc509ae)
    (at 125.984 130.175 90)
    (descr "SOIC, 8 Pin (JEDEC MS-012AA, https://www.analog.com/media/en/package-pcb-resources/package/pkg_pdf/soic_narrow-r/r_8.pdf), generated with kicad-footprint-generator ipc_gullwing_generator.py")
    (tags "SOIC SO")
    (path "/00000000-0000-0000-0000-00005dcd0e5e/00000000-0000-0000-0000-00005dc7a285")
    (attr smd)
    (fp_text reference "U2" (at 1.397 3.556 90) (layer "F.SilkS")
      (effects (font (size 1 1) (thickness 0.15)))
    )
    (fp_text value "LM285D-2.5" (at 0 3.4 90) (layer "F.Fab")
      (effects (font (size 1 1) (thickness 0.15)))
    )
    (fp_text user "${REFERENCE}" (at 0 0 90) (layer "F.Fab")
      (effects (font (size 0.98 0.98) (thickness 0.15)))
    )
    (fp_line (start 3.7 -2.7) (end -3.7 -2.7) (layer "F.CrtYd") (width 0.05))
    (fp_line (start 3.7 2.7) (end 3.7 -2.7) (layer "F.CrtYd") (width 0.05))
    (fp_line (start -3.7 2.7) (end 3.7 2.7) (layer "F.CrtYd") (width 0.05))
    (fp_line (start -3.7 -2.7) (end -3.7 2.7) (layer "F.CrtYd") (width 0.05))
    (fp_line (start -1.95 -1.475) (end -0.975 -2.45) (layer "F.Fab") (width 0.1))
    (fp_line (start -1.95 2.45) (end -1.95 -1.475) (layer "F.Fab") (width 0.1))
    (fp_line (start 1.95 2.45) (end -1.95 2.45) (layer "F.Fab") (width 0.1))
    (fp_line (start 1.95 -2.45) (end 1.95 2.45) (layer "F.Fab") (width 0.1))
    (fp_line (start -0.975 -2.45) (end 1.95 -2.45) (layer "F.Fab") (width 0.1))
    (fp_line (start 0 -2.56) (end -3.45 -2.56) (layer "F.SilkS") (width 0.12))
    (fp_line (start 0 -2.56) (end 1.95 -2.56) (layer "F.SilkS") (width 0.12))
    (fp_line (start 0 2.56) (end -1.95 2.56) (layer "F.SilkS") (width 0.12))
    (fp_line (start 0 2.56) (end 1.95 2.56) (layer "F.SilkS") (width 0.12))
    (pad "8" smd roundrect (at 2.475 -1.905 90) (size 1.95 0.6) (layers "F.Cu" "F.Paste" "F.Mask") (roundrect_rratio 0.25)
      (net 9 "Net-(C9-Pad1)") (pinfunction "K") (tstamp afee5f18-41e3-4d67-9fd1-0ae18c53f34f))
    (pad "7" smd roundrect (at 2.475 -0.635 90) (size 1.95 0.6) (layers "F.Cu" "F.Paste" "F.Mask") (roundrect_rratio 0.25) (tstamp d649492b-fb2c-4237-a1b6-92c0f2bac254))
    (pad "6" smd roundrect (at 2.475 0.635 90) (size 1.95 0.6) (layers "F.Cu" "F.Paste" "F.Mask") (roundrect_rratio 0.25) (tstamp 58aaa6b4-e283-4985-9ba7-59d673765a74))
    (pad "5" smd roundrect (at 2.475 1.905 90) (size 1.95 0.6) (layers "F.Cu" "F.Paste" "F.Mask") (roundrect_rratio 0.25) (tstamp 684562c2-f1a9-44d4-a980-ad8cfdfcb8e5))
    (pad "4" smd roundrect (at -2.475 1.905 90) (size 1.95 0.6) (layers "F.Cu" "F.Paste" "F.Mask") (roundrect_rratio 0.25)
      (net 5 "GND") (pinfunction "A") (tstamp fd25093a-abb6-44f8-bd99-4836165224dd))
    (pad "3" smd roundrect (at -2.475 0.635 90) (size 1.95 0.6) (layers "F.Cu" "F.Paste" "F.Mask") (roundrect_rratio 0.25) (tstamp 4b8a4a99-57a8-4527-a763-6b0d00ad2f34))
    (pad "2" smd roundrect (at -2.475 -0.635 90) (size 1.95 0.6) (layers "F.Cu" "F.Paste" "F.Mask") (roundrect_rratio 0.25) (tstamp ba67966f-68ac-4e70-85fa-9cd96bbf53cf))
    (pad "1" smd roundrect (at -2.475 -1.905 90) (size 1.95 0.6) (layers "F.Cu" "F.Paste" "F.Mask") (roundrect_rratio 0.25) (tstamp d76fc1e4-bd5e-4e5c-9989-ecc83bc2353e))
    (model "${KISYS3DMOD}/Package_SO.3dshapes/SOIC-8_3.9x4.9mm_P1.27mm.wrl"
      (at (xyz 0 0 0))
      (scale (xyz 1 1 1))
      (rotate (xyz 0 0 0))
    )
  )

  (module "Package_SO:SOIC-16_4.55x10.3mm_P1.27mm" (layer "B.Cu") (tedit 5C97300E) (tstamp 00000000-0000-0000-0000-00005dc5066f)
    (at 119.634 130.556 -90)
    (descr "SOIC, 16 Pin (https://toshiba.semicon-storage.com/info/docget.jsp?did=12858&prodName=TLP291-4), generated with kicad-footprint-generator ipc_gullwing_generator.py")
    (tags "SOIC SO")
    (path "/00000000-0000-0000-0000-00005dc37ffd")
    (attr smd)
    (fp_text reference "U1" (at 1.778 6.096 -90) (layer "B.SilkS")
      (effects (font (size 1 1) (thickness 0.15)) (justify mirror))
    )
    (fp_text value "AD7705" (at 0 -6.1 90) (layer "B.Fab")
      (effects (font (size 1 1) (thickness 0.15)) (justify mirror))
    )
    (fp_text user "${REFERENCE}" (at 0 0 90) (layer "B.Fab")
      (effects (font (size 1 1) (thickness 0.15)) (justify mirror))
    )
    (fp_line (start 4.3 5.4) (end -4.3 5.4) (layer "B.CrtYd") (width 0.05))
    (fp_line (start 4.3 -5.4) (end 4.3 5.4) (layer "B.CrtYd") (width 0.05))
    (fp_line (start -4.3 -5.4) (end 4.3 -5.4) (layer "B.CrtYd") (width 0.05))
    (fp_line (start -4.3 5.4) (end -4.3 -5.4) (layer "B.CrtYd") (width 0.05))
    (fp_line (start -2.275 4.15) (end -1.275 5.15) (layer "B.Fab") (width 0.1))
    (fp_line (start -2.275 -5.15) (end -2.275 4.15) (layer "B.Fab") (width 0.1))
    (fp_line (start 2.275 -5.15) (end -2.275 -5.15) (layer "B.Fab") (width 0.1))
    (fp_line (start 2.275 5.15) (end 2.275 -5.15) (layer "B.Fab") (width 0.1))
    (fp_line (start -1.275 5.15) (end 2.275 5.15) (layer "B.Fab") (width 0.1))
    (fp_line (start -2.385 4.98) (end -4.05 4.98) (layer "B.SilkS") (width 0.12))
    (fp_line (start -2.385 5.26) (end -2.385 4.98) (layer "B.SilkS") (width 0.12))
    (fp_line (start 0 5.26) (end -2.385 5.26) (layer "B.SilkS") (width 0.12))
    (fp_line (start 2.385 5.26) (end 2.385 4.98) (layer "B.SilkS") (width 0.12))
    (fp_line (start 0 5.26) (end 2.385 5.26) (layer "B.SilkS") (width 0.12))
    (fp_line (start -2.385 -5.26) (end -2.385 -4.98) (layer "B.SilkS") (width 0.12))
    (fp_line (start 0 -5.26) (end -2.385 -5.26) (layer "B.SilkS") (width 0.12))
    (fp_line (start 2.385 -5.26) (end 2.385 -4.98) (layer "B.SilkS") (width 0.12))
    (fp_line (start 0 -5.26) (end 2.385 -5.26) (layer "B.SilkS") (width 0.12))
    (pad "16" smd roundrect (at 3.25 4.445 270) (size 1.6 0.55) (layers "B.Cu" "B.Paste" "B.Mask") (roundrect_rratio 0.25)
      (net 5 "GND") (pinfunction "GND") (tstamp 09fd8626-4dbe-4712-8c3f-700d50ea8260))
    (pad "15" smd roundrect (at 3.25 3.175 270) (size 1.6 0.55) (layers "B.Cu" "B.Paste" "B.Mask") (roundrect_rratio 0.25)
      (net 6 "+5V") (pinfunction "VDD") (tstamp 361fb36f-e9dc-4445-abf2-1beca491d593))
    (pad "14" smd roundrect (at 3.25 1.905 270) (size 1.6 0.55) (layers "B.Cu" "B.Paste" "B.Mask") (roundrect_rratio 0.25)
      (net 14 "/MOSI") (pinfunction "DIN") (tstamp a0059327-d741-4333-83e1-44cc7a36d264))
    (pad "13" smd roundrect (at 3.25 0.635 270) (size 1.6 0.55) (layers "B.Cu" "B.Paste" "B.Mask") (roundrect_rratio 0.25)
      (net 13 "/MISO") (pinfunction "DOUT") (tstamp 051f3dd7-ca64-408e-89ae-368fbcd64991))
    (pad "12" smd roundrect (at 3.25 -0.635 270) (size 1.6 0.55) (layers "B.Cu" "B.Paste" "B.Mask") (roundrect_rratio 0.25)
      (net 12 "/~DRDY") (pinfunction "~DRDY") (tstamp e942ad56-6716-4569-b913-90b783f3e932))
    (pad "11" smd roundrect (at 3.25 -1.905 270) (size 1.6 0.55) (layers "B.Cu" "B.Paste" "B.Mask") (roundrect_rratio 0.25)
      (net 2 "/AIN2-") (pinfunction "AIN2-") (tstamp a043e7cc-30ce-4274-97ac-9a4255831196))
    (pad "10" smd roundrect (at 3.25 -3.175 270) (size 1.6 0.55) (layers "B.Cu" "B.Paste" "B.Mask") (roundrect_rratio 0.25)
      (net 20 "/V_REF_IN-") (pinfunction "REFIN-") (tstamp 818e2f8d-b40b-4f82-9b91-8a9e151a49ed))
    (pad "9" smd roundrect (at 3.25 -4.445 270) (size 1.6 0.55) (layers "B.Cu" "B.Paste" "B.Mask") (roundrect_rratio 0.25)
      (net 19 "/V_REF_IN+") (pinfunction "REFIN+") (tstamp cad55ea9-1493-4ba9-b2a7-bd4433ffa15e))
    (pad "8" smd roundrect (at -3.25 -4.445 270) (size 1.6 0.55) (layers "B.Cu" "B.Paste" "B.Mask") (roundrect_rratio 0.25)
      (net 11 "/AIN1-") (pinfunction "AIN1-") (tstamp 3a54f6ca-9b24-4330-a2f1-7c43779229d6))
    (pad "7" smd roundrect (at -3.25 -3.175 270) (size 1.6 0.55) (layers "B.Cu" "B.Paste" "B.Mask") (roundrect_rratio 0.25)
      (net 1 "Net-(C3-Pad2)") (pinfunction "AIN1+") (tstamp 9ee5be2c-4368-48b2-94a2-4a4659e24895))
    (pad "6" smd roundrect (at -3.25 -1.905 270) (size 1.6 0.55) (layers "B.Cu" "B.Paste" "B.Mask") (roundrect_rratio 0.25)
      (net 3 "Net-(C4-Pad2)") (pinfunction "AIN2+") (tstamp 98d32684-f651-4acc-b38b-eec28168a321))
    (pad "5" smd roundrect (at -3.25 -0.635 270) (size 1.6 0.55) (layers "B.Cu" "B.Paste" "B.Mask") (roundrect_rratio 0.25)
      (net 18 "Net-(R10-Pad2)") (pinfunction "~RESET") (tstamp fd1f7296-99bb-4c0c-ae34-a528bd035ef2))
    (pad "4" smd roundrect (at -3.25 0.635 270) (size 1.6 0.55) (layers "B.Cu" "B.Paste" "B.Mask") (roundrect_rratio 0.25)
      (net 16 "/~CS") (pinfunction "~CS") (tstamp b0c88444-e68d-4c8e-a82c-a373d8a493fa))
    (pad "3" smd roundrect (at -3.25 1.905 270) (size 1.6 0.55) (layers "B.Cu" "B.Paste" "B.Mask") (roundrect_rratio 0.25)
      (net 7 "Net-(C7-Pad2)") (pinfunction "MCLK_OUT") (tstamp 4a92c5bd-6dde-4322-9be2-f2b9c81eb851))
    (pad "2" smd roundrect (at -3.25 3.175 270) (size 1.6 0.55) (layers "B.Cu" "B.Paste" "B.Mask") (roundrect_rratio 0.25)
      (net 8 "Net-(C6-Pad2)") (pinfunction "MCLK_IN") (tstamp c8bd19bf-efd6-4be1-87f5-761481c0965b))
    (pad "1" smd roundrect (at -3.25 4.445 270) (size 1.6 0.55) (layers "B.Cu" "B.Paste" "B.Mask") (roundrect_rratio 0.25)
      (net 15 "/SCLK") (pinfunction "SCLK") (tstamp 2de86006-e059-48db-a477-78d527856565))
    (model "${KISYS3DMOD}/Package_SO.3dshapes/SOIC-16_4.55x10.3mm_P1.27mm.wrl"
      (at (xyz 0 0 0))
      (scale (xyz 1 1 1))
      (rotate (xyz 0 0 0))
    )
  )

  (module "Resistor_SMD:R_0603_1608Metric" (layer "B.Cu") (tedit 5B301BBD) (tstamp 00000000-0000-0000-0000-00005dc50648)
    (at 127 131.064)
    (descr "Resistor SMD 0603 (1608 Metric), square (rectangular) end terminal, IPC_7351 nominal, (Body size source: http://www.tortai-tech.com/upload/download/2011102023233369053.pdf), generated with kicad-footprint-generator")
    (tags "resistor")
    (path "/00000000-0000-0000-0000-00005dcd0e5e/00000000-0000-0000-0000-00005dc829ca")
    (attr smd)
    (fp_text reference "R11" (at -0.508 -1.27) (layer "B.SilkS")
      (effects (font (size 1 1) (thickness 0.15)) (justify mirror))
    )
    (fp_text value "R" (at 0 -1.43) (layer "B.Fab")
      (effects (font (size 1 1) (thickness 0.15)) (justify mirror))
    )
    (fp_text user "${REFERENCE}" (at 0 0) (layer "B.Fab")
      (effects (font (size 0.4 0.4) (thickness 0.06)) (justify mirror))
    )
    (fp_line (start 1.48 -0.73) (end -1.48 -0.73) (layer "B.CrtYd") (width 0.05))
    (fp_line (start 1.48 0.73) (end 1.48 -0.73) (layer "B.CrtYd") (width 0.05))
    (fp_line (start -1.48 0.73) (end 1.48 0.73) (layer "B.CrtYd") (width 0.05))
    (fp_line (start -1.48 -0.73) (end -1.48 0.73) (layer "B.CrtYd") (width 0.05))
    (fp_line (start -0.162779 -0.51) (end 0.162779 -0.51) (layer "B.SilkS") (width 0.12))
    (fp_line (start -0.162779 0.51) (end 0.162779 0.51) (layer "B.SilkS") (width 0.12))
    (fp_line (start 0.8 -0.4) (end -0.8 -0.4) (layer "B.Fab") (width 0.1))
    (fp_line (start 0.8 0.4) (end 0.8 -0.4) (layer "B.Fab") (width 0.1))
    (fp_line (start -0.8 0.4) (end 0.8 0.4) (layer "B.Fab") (width 0.1))
    (fp_line (start -0.8 -0.4) (end -0.8 0.4) (layer "B.Fab") (width 0.1))
    (pad "2" smd roundrect (at 0.7875 0) (size 0.875 0.95) (layers "B.Cu" "B.Paste" "B.Mask") (roundrect_rratio 0.25)
      (net 5 "GND") (tstamp 881bbd6b-0bd2-4110-a5d0-2c91372b9199))
    (pad "1" smd roundrect (at -0.7875 0) (size 0.875 0.95) (layers "B.Cu" "B.Paste" "B.Mask") (roundrect_rratio 0.25)
      (net 20 "/V_REF_IN-") (tstamp a86d096f-3c1b-4fe7-8494-f5dbe7850a43))
    (model "${KISYS3DMOD}/Resistor_SMD.3dshapes/R_0603_1608Metric.wrl"
      (at (xyz 0 0 0))
      (scale (xyz 1 1 1))
      (rotate (xyz 0 0 0))
    )
  )

  (module "Resistor_SMD:R_0603_1608Metric" (layer "B.Cu") (tedit 5B301BBD) (tstamp 00000000-0000-0000-0000-00005dc50637)
    (at 127 132.842)
    (descr "Resistor SMD 0603 (1608 Metric), square (rectangular) end terminal, IPC_7351 nominal, (Body size source: http://www.tortai-tech.com/upload/download/2011102023233369053.pdf), generated with kicad-footprint-generator")
    (tags "resistor")
    (path "/00000000-0000-0000-0000-00005dcd0e5e/00000000-0000-0000-0000-00005dc7ed2d")
    (attr smd)
    (fp_text reference "R8" (at -0.254 1.43) (layer "B.SilkS")
      (effects (font (size 1 1) (thickness 0.15)) (justify mirror))
    )
    (fp_text value "R" (at 0 -1.43) (layer "B.Fab")
      (effects (font (size 1 1) (thickness 0.15)) (justify mirror))
    )
    (fp_text user "${REFERENCE}" (at 0 0 270) (layer "B.Fab")
      (effects (font (size 0.4 0.4) (thickness 0.06)) (justify mirror))
    )
    (fp_line (start 1.48 -0.73) (end -1.48 -0.73) (layer "B.CrtYd") (width 0.05))
    (fp_line (start 1.48 0.73) (end 1.48 -0.73) (layer "B.CrtYd") (width 0.05))
    (fp_line (start -1.48 0.73) (end 1.48 0.73) (layer "B.CrtYd") (width 0.05))
    (fp_line (start -1.48 -0.73) (end -1.48 0.73) (layer "B.CrtYd") (width 0.05))
    (fp_line (start -0.162779 -0.51) (end 0.162779 -0.51) (layer "B.SilkS") (width 0.12))
    (fp_line (start -0.162779 0.51) (end 0.162779 0.51) (layer "B.SilkS") (width 0.12))
    (fp_line (start 0.8 -0.4) (end -0.8 -0.4) (layer "B.Fab") (width 0.1))
    (fp_line (start 0.8 0.4) (end 0.8 -0.4) (layer "B.Fab") (width 0.1))
    (fp_line (start -0.8 0.4) (end 0.8 0.4) (layer "B.Fab") (width 0.1))
    (fp_line (start -0.8 -0.4) (end -0.8 0.4) (layer "B.Fab") (width 0.1))
    (pad "2" smd roundrect (at 0.7875 0) (size 0.875 0.95) (layers "B.Cu" "B.Paste" "B.Mask") (roundrect_rratio 0.25)
      (net 9 "Net-(C9-Pad1)") (tstamp 61ff60ec-53f0-4be7-9eac-5f400dcaab37))
    (pad "1" smd roundrect (at -0.7875 0) (size 0.875 0.95) (layers "B.Cu" "B.Paste" "B.Mask") (roundrect_rratio 0.25)
      (net 19 "/V_REF_IN+") (tstamp 7e162b58-1823-44f0-9555-4f8f40a75120))
    (model "${KISYS3DMOD}/Resistor_SMD.3dshapes/R_0603_1608Metric.wrl"
      (at (xyz 0 0 0))
      (scale (xyz 1 1 1))
      (rotate (xyz 0 0 0))
    )
  )

  (module "Resistor_SMD:R_0603_1608Metric" (layer "F.Cu") (tedit 5B301BBD) (tstamp 00000000-0000-0000-0000-00005dc50626)
    (at 121.92 133.2737 -90)
    (descr "Resistor SMD 0603 (1608 Metric), square (rectangular) end terminal, IPC_7351 nominal, (Body size source: http://www.tortai-tech.com/upload/download/2011102023233369053.pdf), generated with kicad-footprint-generator")
    (tags "resistor")
    (path "/00000000-0000-0000-0000-00005dcd0e5e/00000000-0000-0000-0000-00005dc7d3ff")
    (attr smd)
    (fp_text reference "R6" (at 0 1.524 90) (layer "F.SilkS")
      (effects (font (size 1 1) (thickness 0.15)))
    )
    (fp_text value "R" (at 0 1.43 -270) (layer "F.Fab")
      (effects (font (size 1 1) (thickness 0.15)))
    )
    (fp_text user "${REFERENCE}" (at 0 0 -270) (layer "F.Fab")
      (effects (font (size 0.4 0.4) (thickness 0.06)))
    )
    (fp_line (start 1.48 0.73) (end -1.48 0.73) (layer "F.CrtYd") (width 0.05))
    (fp_line (start 1.48 -0.73) (end 1.48 0.73) (layer "F.CrtYd") (width 0.05))
    (fp_line (start -1.48 -0.73) (end 1.48 -0.73) (layer "F.CrtYd") (width 0.05))
    (fp_line (start -1.48 0.73) (end -1.48 -0.73) (layer "F.CrtYd") (width 0.05))
    (fp_line (start -0.162779 0.51) (end 0.162779 0.51) (layer "F.SilkS") (width 0.12))
    (fp_line (start -0.162779 -0.51) (end 0.162779 -0.51) (layer "F.SilkS") (width 0.12))
    (fp_line (start 0.8 0.4) (end -0.8 0.4) (layer "F.Fab") (width 0.1))
    (fp_line (start 0.8 -0.4) (end 0.8 0.4) (layer "F.Fab") (width 0.1))
    (fp_line (start -0.8 -0.4) (end 0.8 -0.4) (layer "F.Fab") (width 0.1))
    (fp_line (start -0.8 0.4) (end -0.8 -0.4) (layer "F.Fab") (width 0.1))
    (pad "2" smd roundrect (at 0.7875 0 270) (size 0.875 0.95) (layers "F.Cu" "F.Paste" "F.Mask") (roundrect_rratio 0.25)
      (net 6 "+5V") (tstamp 8ca27e33-b180-4e30-a710-4ccd8528dd17))
    (pad "1" smd roundrect (at -0.7875 0 270) (size 0.875 0.95) (layers "F.Cu" "F.Paste" "F.Mask") (roundrect_rratio 0.25)
      (net 9 "Net-(C9-Pad1)") (tstamp 87e53652-f1fe-471e-adf2-dccf33ce9b05))
    (model "${KISYS3DMOD}/Resistor_SMD.3dshapes/R_0603_1608Metric.wrl"
      (at (xyz 0 0 0))
      (scale (xyz 1 1 1))
      (rotate (xyz 0 0 0))
    )
  )

  (module "Resistor_SMD:R_0603_1608Metric" (layer "F.Cu") (tedit 5B301BBD) (tstamp 00000000-0000-0000-0000-00005dc50615)
    (at 110.024896 132.4102)
    (descr "Resistor SMD 0603 (1608 Metric), square (rectangular) end terminal, IPC_7351 nominal, (Body size source: http://www.tortai-tech.com/upload/download/2011102023233369053.pdf), generated with kicad-footprint-generator")
    (tags "resistor")
    (path "/00000000-0000-0000-0000-00005dc6519c")
    (attr smd)
    (fp_text reference "R13" (at 2.921 0) (layer "F.SilkS")
      (effects (font (size 1 1) (thickness 0.15)))
    )
    (fp_text value "R" (at 0 1.43) (layer "F.Fab")
      (effects (font (size 1 1) (thickness 0.15)))
    )
    (fp_text user "${REFERENCE}" (at 0 0) (layer "F.Fab")
      (effects (font (size 0.4 0.4) (thickness 0.06)))
    )
    (fp_line (start 1.48 0.73) (end -1.48 0.73) (layer "F.CrtYd") (width 0.05))
    (fp_line (start 1.48 -0.73) (end 1.48 0.73) (layer "F.CrtYd") (width 0.05))
    (fp_line (start -1.48 -0.73) (end 1.48 -0.73) (layer "F.CrtYd") (width 0.05))
    (fp_line (start -1.48 0.73) (end -1.48 -0.73) (layer "F.CrtYd") (width 0.05))
    (fp_line (start -0.162779 0.51) (end 0.162779 0.51) (layer "F.SilkS") (width 0.12))
    (fp_line (start -0.162779 -0.51) (end 0.162779 -0.51) (layer "F.SilkS") (width 0.12))
    (fp_line (start 0.8 0.4) (end -0.8 0.4) (layer "F.Fab") (width 0.1))
    (fp_line (start 0.8 -0.4) (end 0.8 0.4) (layer "F.Fab") (width 0.1))
    (fp_line (start -0.8 -0.4) (end 0.8 -0.4) (layer "F.Fab") (width 0.1))
    (fp_line (start -0.8 0.4) (end -0.8 -0.4) (layer "F.Fab") (width 0.1))
    (pad "2" smd roundrect (at 0.7875 0) (size 0.875 0.95) (layers "F.Cu" "F.Paste" "F.Mask") (roundrect_rratio 0.25)
      (net 18 "Net-(R10-Pad2)") (tstamp f4ce56e0-3e7c-4845-b3b3-965fdcbb0870))
    (pad "1" smd roundrect (at -0.7875 0) (size 0.875 0.95) (layers "F.Cu" "F.Paste" "F.Mask") (roundrect_rratio 0.25)
      (net 17 "/~RESET") (tstamp bf0e03e4-89b8-4119-8373-a2d5e4127258))
    (model "${KISYS3DMOD}/Resistor_SMD.3dshapes/R_0603_1608Metric.wrl"
      (at (xyz 0 0 0))
      (scale (xyz 1 1 1))
      (rotate (xyz 0 0 0))
    )
  )

  (module "Resistor_SMD:R_0603_1608Metric" (layer "F.Cu") (tedit 5B301BBD) (tstamp 00000000-0000-0000-0000-00005dc50604)
    (at 110.024896 134.0612 180)
    (descr "Resistor SMD 0603 (1608 Metric), square (rectangular) end terminal, IPC_7351 nominal, (Body size source: http://www.tortai-tech.com/upload/download/2011102023233369053.pdf), generated with kicad-footprint-generator")
    (tags "resistor")
    (path "/00000000-0000-0000-0000-00005dc645a5")
    (attr smd)
    (fp_text reference "R10" (at -2.921 -0.0508 180) (layer "F.SilkS")
      (effects (font (size 1 1) (thickness 0.15)))
    )
    (fp_text value "R" (at 0 1.524 180) (layer "F.Fab")
      (effects (font (size 1 1) (thickness 0.15)))
    )
    (fp_text user "${REFERENCE}" (at 0 0 180) (layer "F.Fab")
      (effects (font (size 0.4 0.4) (thickness 0.06)))
    )
    (fp_line (start 1.48 0.73) (end -1.48 0.73) (layer "F.CrtYd") (width 0.05))
    (fp_line (start 1.48 -0.73) (end 1.48 0.73) (layer "F.CrtYd") (width 0.05))
    (fp_line (start -1.48 -0.73) (end 1.48 -0.73) (layer "F.CrtYd") (width 0.05))
    (fp_line (start -1.48 0.73) (end -1.48 -0.73) (layer "F.CrtYd") (width 0.05))
    (fp_line (start -0.162779 0.51) (end 0.162779 0.51) (layer "F.SilkS") (width 0.12))
    (fp_line (start -0.162779 -0.51) (end 0.162779 -0.51) (layer "F.SilkS") (width 0.12))
    (fp_line (start 0.8 0.4) (end -0.8 0.4) (layer "F.Fab") (width 0.1))
    (fp_line (start 0.8 -0.4) (end 0.8 0.4) (layer "F.Fab") (width 0.1))
    (fp_line (start -0.8 -0.4) (end 0.8 -0.4) (layer "F.Fab") (width 0.1))
    (fp_line (start -0.8 0.4) (end -0.8 -0.4) (layer "F.Fab") (width 0.1))
    (pad "2" smd roundrect (at 0.7875 0 180) (size 0.875 0.95) (layers "F.Cu" "F.Paste" "F.Mask") (roundrect_rratio 0.25)
      (net 18 "Net-(R10-Pad2)") (tstamp c76143c0-c026-4574-8cda-cf73128f429d))
    (pad "1" smd roundrect (at -0.7875 0 180) (size 0.875 0.95) (layers "F.Cu" "F.Paste" "F.Mask") (roundrect_rratio 0.25)
      (net 6 "+5V") (tstamp e9308ba9-9537-4fcd-bf79-89c611e93554))
    (model "${KISYS3DMOD}/Resistor_SMD.3dshapes/R_0603_1608Metric.wrl"
      (at (xyz 0 0 0))
      (scale (xyz 1 1 1))
      (rotate (xyz 0 0 0))
    )
  )

  (module "Resistor_SMD:R_0603_1608Metric" (layer "B.Cu") (tedit 5B301BBD) (tstamp 00000000-0000-0000-0000-00005dc505e2)
    (at 131.826 129.794 -90)
    (descr "Resistor SMD 0603 (1608 Metric), square (rectangular) end terminal, IPC_7351 nominal, (Body size source: http://www.tortai-tech.com/upload/download/2011102023233369053.pdf), generated with kicad-footprint-generator")
    (tags "resistor")
    (path "/00000000-0000-0000-0000-00005dc49ccb")
    (attr smd)
    (fp_text reference "R5" (at 1.016 1.524) (layer "B.SilkS")
      (effects (font (size 1 1) (thickness 0.15)) (justify mirror))
    )
    (fp_text value "R" (at 0 -1.43 -90) (layer "B.Fab")
      (effects (font (size 1 1) (thickness 0.15)) (justify mirror))
    )
    (fp_text user "${REFERENCE}" (at 0 0 -90) (layer "B.Fab")
      (effects (font (size 0.4 0.4) (thickness 0.06)) (justify mirror))
    )
    (fp_line (start 1.48 -0.73) (end -1.48 -0.73) (layer "B.CrtYd") (width 0.05))
    (fp_line (start 1.48 0.73) (end 1.48 -0.73) (layer "B.CrtYd") (width 0.05))
    (fp_line (start -1.48 0.73) (end 1.48 0.73) (layer "B.CrtYd") (width 0.05))
    (fp_line (start -1.48 -0.73) (end -1.48 0.73) (layer "B.CrtYd") (width 0.05))
    (fp_line (start -0.162779 -0.51) (end 0.162779 -0.51) (layer "B.SilkS") (width 0.12))
    (fp_line (start -0.162779 0.51) (end 0.162779 0.51) (layer "B.SilkS") (width 0.12))
    (fp_line (start 0.8 -0.4) (end -0.8 -0.4) (layer "B.Fab") (width 0.1))
    (fp_line (start 0.8 0.4) (end 0.8 -0.4) (layer "B.Fab") (width 0.1))
    (fp_line (start -0.8 0.4) (end 0.8 0.4) (layer "B.Fab") (width 0.1))
    (fp_line (start -0.8 -0.4) (end -0.8 0.4) (layer "B.Fab") (width 0.1))
    (pad "2" smd roundrect (at 0.7875 0 270) (size 0.875 0.95) (layers "B.Cu" "B.Paste" "B.Mask") (roundrect_rratio 0.25)
      (net 2 "/AIN2-") (tstamp b75af60e-3ff0-41fc-a94f-eefeea0d9d93))
    (pad "1" smd roundrect (at -0.7875 0 270) (size 0.875 0.95) (layers "B.Cu" "B.Paste" "B.Mask") (roundrect_rratio 0.25)
      (net 3 "Net-(C4-Pad2)") (tstamp 39988153-ea5f-45cf-9475-ea299fc8537b))
    (model "${KISYS3DMOD}/Resistor_SMD.3dshapes/R_0603_1608Metric.wrl"
      (at (xyz 0 0 0))
      (scale (xyz 1 1 1))
      (rotate (xyz 0 0 0))
    )
  )

  (module "Resistor_SMD:R_0603_1608Metric" (layer "B.Cu") (tedit 5B301BBD) (tstamp 00000000-0000-0000-0000-00005dc505d1)
    (at 131.826 123.698 -90)
    (descr "Resistor SMD 0603 (1608 Metric), square (rectangular) end terminal, IPC_7351 nominal, (Body size source: http://www.tortai-tech.com/upload/download/2011102023233369053.pdf), generated with kicad-footprint-generator")
    (tags "resistor")
    (path "/00000000-0000-0000-0000-00005dc3c4f6")
    (attr smd)
    (fp_text reference "R4" (at 2.032 -0.254) (layer "B.SilkS")
      (effects (font (size 1 1) (thickness 0.15)) (justify mirror))
    )
    (fp_text value "R" (at 0 -1.43 -90) (layer "B.Fab")
      (effects (font (size 1 1) (thickness 0.15)) (justify mirror))
    )
    (fp_text user "${REFERENCE}" (at 0 0 -90) (layer "B.Fab")
      (effects (font (size 0.4 0.4) (thickness 0.06)) (justify mirror))
    )
    (fp_line (start 1.48 -0.73) (end -1.48 -0.73) (layer "B.CrtYd") (width 0.05))
    (fp_line (start 1.48 0.73) (end 1.48 -0.73) (layer "B.CrtYd") (width 0.05))
    (fp_line (start -1.48 0.73) (end 1.48 0.73) (layer "B.CrtYd") (width 0.05))
    (fp_line (start -1.48 -0.73) (end -1.48 0.73) (layer "B.CrtYd") (width 0.05))
    (fp_line (start -0.162779 -0.51) (end 0.162779 -0.51) (layer "B.SilkS") (width 0.12))
    (fp_line (start -0.162779 0.51) (end 0.162779 0.51) (layer "B.SilkS") (width 0.12))
    (fp_line (start 0.8 -0.4) (end -0.8 -0.4) (layer "B.Fab") (width 0.1))
    (fp_line (start 0.8 0.4) (end 0.8 -0.4) (layer "B.Fab") (width 0.1))
    (fp_line (start -0.8 0.4) (end 0.8 0.4) (layer "B.Fab") (width 0.1))
    (fp_line (start -0.8 -0.4) (end -0.8 0.4) (layer "B.Fab") (width 0.1))
    (pad "2" smd roundrect (at 0.7875 0 270) (size 0.875 0.95) (layers "B.Cu" "B.Paste" "B.Mask") (roundrect_rratio 0.25)
      (net 11 "/AIN1-") (tstamp 63cf2768-dad7-4c8a-a17b-d833fc6fa37d))
    (pad "1" smd roundrect (at -0.7875 0 270) (size 0.875 0.95) (layers "B.Cu" "B.Paste" "B.Mask") (roundrect_rratio 0.25)
      (net 1 "Net-(C3-Pad2)") (tstamp 9b2925b0-790a-45e8-bd4e-aa5ef6dc54f2))
    (model "${KISYS3DMOD}/Resistor_SMD.3dshapes/R_0603_1608Metric.wrl"
      (at (xyz 0 0 0))
      (scale (xyz 1 1 1))
      (rotate (xyz 0 0 0))
    )
  )

  (module "Resistor_SMD:R_0603_1608Metric" (layer "B.Cu") (tedit 5B301BBD) (tstamp 00000000-0000-0000-0000-00005dc505c0)
    (at 131.318 133.096 90)
    (descr "Resistor SMD 0603 (1608 Metric), square (rectangular) end terminal, IPC_7351 nominal, (Body size source: http://www.tortai-tech.com/upload/download/2011102023233369053.pdf), generated with kicad-footprint-generator")
    (tags "resistor")
    (path "/00000000-0000-0000-0000-00005dc49c8a")
    (attr smd)
    (fp_text reference "R9" (at -2.032 0.254) (layer "B.SilkS")
      (effects (font (size 1 1) (thickness 0.15)) (justify mirror))
    )
    (fp_text value "R" (at 0 -1.43 270) (layer "B.Fab")
      (effects (font (size 1 1) (thickness 0.15)) (justify mirror))
    )
    (fp_text user "${REFERENCE}" (at 0 0 270) (layer "B.Fab")
      (effects (font (size 0.4 0.4) (thickness 0.06)) (justify mirror))
    )
    (fp_line (start 1.48 -0.73) (end -1.48 -0.73) (layer "B.CrtYd") (width 0.05))
    (fp_line (start 1.48 0.73) (end 1.48 -0.73) (layer "B.CrtYd") (width 0.05))
    (fp_line (start -1.48 0.73) (end 1.48 0.73) (layer "B.CrtYd") (width 0.05))
    (fp_line (start -1.48 -0.73) (end -1.48 0.73) (layer "B.CrtYd") (width 0.05))
    (fp_line (start -0.162779 -0.51) (end 0.162779 -0.51) (layer "B.SilkS") (width 0.12))
    (fp_line (start -0.162779 0.51) (end 0.162779 0.51) (layer "B.SilkS") (width 0.12))
    (fp_line (start 0.8 -0.4) (end -0.8 -0.4) (layer "B.Fab") (width 0.1))
    (fp_line (start 0.8 0.4) (end 0.8 -0.4) (layer "B.Fab") (width 0.1))
    (fp_line (start -0.8 0.4) (end 0.8 0.4) (layer "B.Fab") (width 0.1))
    (fp_line (start -0.8 -0.4) (end -0.8 0.4) (layer "B.Fab") (width 0.1))
    (pad "2" smd roundrect (at 0.7875 0 90) (size 0.875 0.95) (layers "B.Cu" "B.Paste" "B.Mask") (roundrect_rratio 0.25)
      (net 2 "/AIN2-") (tstamp a70c955b-ec0e-496c-810f-de264cb7d19a))
    (pad "1" smd roundrect (at -0.7875 0 90) (size 0.875 0.95) (layers "B.Cu" "B.Paste" "B.Mask") (roundrect_rratio 0.25)
      (net 5 "GND") (tstamp d5870465-a270-4d1a-819d-a22d473e9bd3))
    (model "${KISYS3DMOD}/Resistor_SMD.3dshapes/R_0603_1608Metric.wrl"
      (at (xyz 0 0 0))
      (scale (xyz 1 1 1))
      (rotate (xyz 0 0 0))
    )
  )

  (module "Resistor_SMD:R_0603_1608Metric" (layer "B.Cu") (tedit 5B301BBD) (tstamp 00000000-0000-0000-0000-00005dc505af)
    (at 131.064 126.992339 180)
    (descr "Resistor SMD 0603 (1608 Metric), square (rectangular) end terminal, IPC_7351 nominal, (Body size source: http://www.tortai-tech.com/upload/download/2011102023233369053.pdf), generated with kicad-footprint-generator")
    (tags "resistor")
    (path "/00000000-0000-0000-0000-00005dc49cb5")
    (attr smd)
    (fp_text reference "R2" (at 2.286 -0.007661 180) (layer "B.SilkS")
      (effects (font (size 1 1) (thickness 0.15)) (justify mirror))
    )
    (fp_text value "R" (at 0 -1.43) (layer "B.Fab")
      (effects (font (size 1 1) (thickness 0.15)) (justify mirror))
    )
    (fp_text user "${REFERENCE}" (at 0 0) (layer "B.Fab")
      (effects (font (size 0.4 0.4) (thickness 0.06)) (justify mirror))
    )
    (fp_line (start 1.48 -0.73) (end -1.48 -0.73) (layer "B.CrtYd") (width 0.05))
    (fp_line (start 1.48 0.73) (end 1.48 -0.73) (layer "B.CrtYd") (width 0.05))
    (fp_line (start -1.48 0.73) (end 1.48 0.73) (layer "B.CrtYd") (width 0.05))
    (fp_line (start -1.48 -0.73) (end -1.48 0.73) (layer "B.CrtYd") (width 0.05))
    (fp_line (start -0.162779 -0.51) (end 0.162779 -0.51) (layer "B.SilkS") (width 0.12))
    (fp_line (start -0.162779 0.51) (end 0.162779 0.51) (layer "B.SilkS") (width 0.12))
    (fp_line (start 0.8 -0.4) (end -0.8 -0.4) (layer "B.Fab") (width 0.1))
    (fp_line (start 0.8 0.4) (end 0.8 -0.4) (layer "B.Fab") (width 0.1))
    (fp_line (start -0.8 0.4) (end 0.8 0.4) (layer "B.Fab") (width 0.1))
    (fp_line (start -0.8 -0.4) (end -0.8 0.4) (layer "B.Fab") (width 0.1))
    (pad "2" smd roundrect (at 0.7875 0 180) (size 0.875 0.95) (layers "B.Cu" "B.Paste" "B.Mask") (roundrect_rratio 0.25)
      (net 3 "Net-(C4-Pad2)") (tstamp 17fd7004-3675-4ed4-a4f3-734782b023bd))
    (pad "1" smd roundrect (at -0.7875 0 180) (size 0.875 0.95) (layers "B.Cu" "B.Paste" "B.Mask") (roundrect_rratio 0.25)
      (net 10 "/AIN2+") (tstamp 6e691edc-37e4-40ad-a3b1-42b308d065ad))
    (model "${KISYS3DMOD}/Resistor_SMD.3dshapes/R_0603_1608Metric.wrl"
      (at (xyz 0 0 0))
      (scale (xyz 1 1 1))
      (rotate (xyz 0 0 0))
    )
  )

  (module "Resistor_SMD:R_0603_1608Metric" (layer "B.Cu") (tedit 5B301BBD) (tstamp 00000000-0000-0000-0000-00005dc5059e)
    (at 128.524 123.698 -90)
    (descr "Resistor SMD 0603 (1608 Metric), square (rectangular) end terminal, IPC_7351 nominal, (Body size source: http://www.tortai-tech.com/upload/download/2011102023233369053.pdf), generated with kicad-footprint-generator")
    (tags "resistor")
    (path "/00000000-0000-0000-0000-00005dc3d6e7")
    (attr smd)
    (fp_text reference "R7" (at 2.032 0.508) (layer "B.SilkS")
      (effects (font (size 1 1) (thickness 0.15)) (justify mirror))
    )
    (fp_text value "R" (at 0 -1.43 -90) (layer "B.Fab")
      (effects (font (size 1 1) (thickness 0.15)) (justify mirror))
    )
    (fp_text user "${REFERENCE}" (at 0 0 -90) (layer "B.Fab")
      (effects (font (size 0.4 0.4) (thickness 0.06)) (justify mirror))
    )
    (fp_line (start 1.48 -0.73) (end -1.48 -0.73) (layer "B.CrtYd") (width 0.05))
    (fp_line (start 1.48 0.73) (end 1.48 -0.73) (layer "B.CrtYd") (width 0.05))
    (fp_line (start -1.48 0.73) (end 1.48 0.73) (layer "B.CrtYd") (width 0.05))
    (fp_line (start -1.48 -0.73) (end -1.48 0.73) (layer "B.CrtYd") (width 0.05))
    (fp_line (start -0.162779 -0.51) (end 0.162779 -0.51) (layer "B.SilkS") (width 0.12))
    (fp_line (start -0.162779 0.51) (end 0.162779 0.51) (layer "B.SilkS") (width 0.12))
    (fp_line (start 0.8 -0.4) (end -0.8 -0.4) (layer "B.Fab") (width 0.1))
    (fp_line (start 0.8 0.4) (end 0.8 -0.4) (layer "B.Fab") (width 0.1))
    (fp_line (start -0.8 0.4) (end 0.8 0.4) (layer "B.Fab") (width 0.1))
    (fp_line (start -0.8 -0.4) (end -0.8 0.4) (layer "B.Fab") (width 0.1))
    (pad "2" smd roundrect (at 0.7875 0 270) (size 0.875 0.95) (layers "B.Cu" "B.Paste" "B.Mask") (roundrect_rratio 0.25)
      (net 11 "/AIN1-") (tstamp 2f67fd84-9491-4022-b8eb-2c4996bd7c13))
    (pad "1" smd roundrect (at -0.7875 0 270) (size 0.875 0.95) (layers "B.Cu" "B.Paste" "B.Mask") (roundrect_rratio 0.25)
      (net 5 "GND") (tstamp a5043392-7577-42e5-bb63-b47a9be23b3e))
    (model "${KISYS3DMOD}/Resistor_SMD.3dshapes/R_0603_1608Metric.wrl"
      (at (xyz 0 0 0))
      (scale (xyz 1 1 1))
      (rotate (xyz 0 0 0))
    )
  )

  (module "Resistor_SMD:R_0603_1608Metric" (layer "B.Cu") (tedit 5B301BBD) (tstamp 00000000-0000-0000-0000-00005dc5058d)
    (at 130.9115 121.158 180)
    (descr "Resistor SMD 0603 (1608 Metric), square (rectangular) end terminal, IPC_7351 nominal, (Body size source: http://www.tortai-tech.com/upload/download/2011102023233369053.pdf), generated with kicad-footprint-generator")
    (tags "resistor")
    (path "/00000000-0000-0000-0000-00005dc39bd2")
    (attr smd)
    (fp_text reference "R3" (at 2.3875 0 180) (layer "B.SilkS")
      (effects (font (size 1 1) (thickness 0.15)) (justify mirror))
    )
    (fp_text value "R" (at 0 -1.43 180) (layer "B.Fab")
      (effects (font (size 1 1) (thickness 0.15)) (justify mirror))
    )
    (fp_text user "${REFERENCE}" (at 0 0 180) (layer "B.Fab")
